1 0.099515 0.141379 0.082524 0.244828
1 0.294660 0.130172 0.105825 0.232759
1 0.498058 0.120690 0.102913 0.206897
1 0.686893 0.142241 0.131068 0.267241
1 0.910680 0.132759 0.132039 0.258621
1 0.094175 0.493966 0.116505 0.260345
1 0.294660 0.506034 0.121359 0.260345
1 0.501942 0.468103 0.126214 0.236207
1 0.694175 0.481897 0.110680 0.253448
1 0.886408 0.493966 0.116505 0.260345
1 0.080583 0.827586 0.102913 0.265517
1 0.295631 0.821552 0.115534 0.239655
1 0.491748 0.833621 0.109709 0.260345
1 0.713592 0.835345 0.104854 0.281034
1 0.885922 0.831897 0.103883 0.274138
